HI   1215.6701 0.416400  6.265E8
HI   1025.7223 0.079120  1.897E8
HI    972.5368 0.029000  8.126E7
HI    949.7431 0.013940  4.203E7
HI    937.8035 0.007799  1.973E7
HI    930.7483 0.004814  1.236E7
HI    926.2257 0.003183  8.249E6
HI    923.1504 0.002216  5.782E6
HI    920.9631 0.001605  4.208E6
HI    919.3514 0.00120   3.158E6
HI    918.1294 0.000921  2.430E6
HI    917.1806 7.226e-4  1.910E6
HI    916.429  0.000577  1.529E6
HI    915.824  0.000469  1.243E6
HI    915.329  0.000386  1.024E6
HI    914.919  0.000321  8.533E5
HI    914.576  0.000270  7.186E5
HI    914.286  0.000230  6.109E5
HI    914.039  0.000197  5.237E5
HI    913.826  0.000170  4.523E5
HI    913.641  0.000148  3.933E5
HI    913.480  0.000129  3.443E5
HI    913.339  0.000114  3.030E5
HI    913.215  0.000101  2.679E5
HI    913.104  0.000089  2.382E5
HI    913.006  0.000080  2.127E5
HI    912.918  0.000071  1.907E5
HI    912.839  0.000064  1.716E5
HI    912.768  0.000058  1.550E5
HI    912.703  0.000053  1.405E5
HI    912.645  0.000048  1.277E5
HI2  6564.623  0.695800  6.465E7
HI2  4862.688  0.121800  2.062E7
HI2  4341.690  0.044370  9.425E6
DI   1215.3394 0.416500  6.270E8
DI   1025.4433 0.079100  1.898E8
DI    972.2722 0.029010  8.132E7
DI    949.4847 0.013950  7.646E7
DI    937.5484 0.007808  4.127E7
DI    930.4951 0.004817  1.237E7
DI    925.9737 0.003184  8.256E6
DI    922.899  0.002216  5.782E6
DI    920.712  0.001605  4.208E6
DI    919.102  0.001201  3.158E6
DI    917.879  0.000921  2.430E6
DI    916.931  0.000723  1.910E6
DI    916.179  0.000577  1.529E6
DI    915.575  0.000469  1.243E6
DI    915.080  0.000386  1.024E6
HeI    584.334  0.285000  2.000e8
HeI    537.0296 0.0752    2.000e8
BeII  3131.327  0.338200  1.150E8
BeII  3131.973  0.169000  1.150E8
BeII  1036.319  0.026730  1.788E8
BeII  1036.299  0.053450  1.788E8
BII  1362.461  0.9868    1.182E9
CI    945.191  0.272600  6.783E8
CI   1139.793  0.013960  2.389e7
CI   1155.8092 0.017250  2.870e7
CI   1157.1857 0.549500  9.125E8
CI   1157.9097 0.021780  3.612e7
CI   1188.8332 0.016760  2.637E7
CI   1193.0308 0.044470  1.302E8
CI   1193.9955 0.009407  1.467E7
CI   1260.7355 0.039370  1.868e8
CI   1276.4825 0.004502  8.790E7
CI   1277.2454 0.096650  2.590E8
CI   1280.1353 0.024320  1.063E8
CI   1328.8333 0.058040  2.203E8
CI   1560.3092 0.080410  1.321e8
CI   1656.9283 0.140500  3.410e8
CI*  1560.6822 0.060300  1.321E8
CI*  1560.7090 0.020100  1.321E8
CI*  1656.2672 0.058570  3.415e8
CI*  1657.3792 0.035120  3.410E8
CI*  1657.9068 0.046810  3.408E8
CI** 1561.3402 0.012050  1.321E8
CI** 1561.3667 0.000804  1.321E8
CI** 1561.4384 0.067500  1.319E8
CI** 1657.0082 0.105400  3.415E8
CI** 1658.1212 0.035110  3.410e8
CII   858.0918 0.013     1.49e8
CII   903.9616 0.336     2.70e9
CII  1334.5323 0.1278    2.870e8
CII  1036.3367 0.1231    2.290e9
CII* 1335.7077 0.1149    2.864e8
CII* 1335.6627 0.01277   2.870e8
CII* 1037.0182 0.1230    2.290e9
CIII  977.020  0.7620    1.775E9
CIV  1548.195  0.190800  2.654E8
CIV  1550.770  0.095220  2.641E8
NI   1200.7098 0.04423   4.093e8
NI   1200.2233 0.08849   4.097e8
NI   1199.5496 0.13280   4.104e8
NI   1134.9803 0.04023   1.389e8
NI   1134.4149 0.02683   1.391e8
NI   1134.1653 0.01342   1.392e8
NI    965.0413 0.005801  1.080e8
NI    964.6256 0.01180   1.095e8
NI    963.9903 0.01837   1.128e8
NII  1083.990  0.1031    3.508e8
NII   915.612  0.1449    1.151e9
NIII  989.799  0.106600  4.352e8
NV   1238.821  0.157000  3.411e8
NV   1242.804  0.078230  3.378e8
OI   1355.5977 1.248e-6  4.530E3
OI   1302.1685 0.048870  5.750e8
OI   1039.2304 0.009197  1.888E8
OI   1026.4757 0.002460  5.303E7
OI   1025.762  0.020300  1.007E8
OI    988.7734 0.043180  2.394E8
OI    988.6549 0.007712  2.388E8
OI    988.5778 0.0005146 2.384E8
OI    976.4481 0.003300  8.010e7
OI    971.738  0.014800  6.600e7
OI    950.8846 1.571e-3  3.876e7
OI    948.6855 6.446e-3  2.900e7
OI    937.8405 8.722e-4  1.102e7
OI    936.6295 3.735e-3  1.704e7
OI*  1304.8576 0.04877   5.750e8
OI** 1306.0286 0.04873   5.750e8
OII   834.4655 0.132     8.61e8
OIII  832.927  0.107     3.41e8
OIV   787.711  0.11      5.95e8
OVI  1031.927  0.132900  4.163e8
OVI  1037.616  0.066090  4.095e8
NaI   5891.5833 0.6311    6.064e7
NaI   5897.5581 0.3180    6.098e7
NaI   3303.319  0.008966  9.641e6
NaI   3303.929  0.004482  9.639e6
MgI   2852.9642 1.830000  5.000e8
MgI   2026.4768 0.1154    7.250e7
MgI   1827.9351 0.024500  1.630e7
MgI   1747.7937 0.009343  6.800e6
MgI   1707.061  0.004142  3.160e6
MgII  2796.352  0.6123    2.612e8
MgII  2803.531  0.3054    2.592e8
MgII  1240.3947 0.0001337 5.796e5
MgII  1239.9253 0.0002675 5.802e5
AlI   3945.1224 0.1134    1.445e8
AlI   3083.0479 0.1707    7.177e7
AlI   2367.7762 0.1056    7.605e7
AlI   2264.1637 0.08921   7.166e7
AlII  1670.7874 1.8330    1.460e9
AlIII 1862.7895 0.2789    5.361e8
AlIII 1854.7164 0.5602    5.432e8
SiI   2515.073  0.1622    1.685e8
SiI   1845.5202 0.22910   1.496e8
SiI   1631.1705 0.2051    1.714e8
SiI   1562.002  0.3758    3.425e8
SiII  2335.123  3.720E-6  7.550e3
SiII  1808.0126 0.00218   6.749e6
SiII  1526.7066 0.11600   1.960E9
SiII  1304.3702 0.09400   1.720E9
SiII  1260.4221 1.007000  2.533E9
SiII  1193.2897 0.499100  3.495e9
SiII  1190.4158 0.250200  3.503E9
SiII  1020.6989 0.028280  6.680e8
SiII   989.8731 0.133000  6.673e8
SiII* 1817.4512 0.000129  2.38e6 
SiII* 1816.9285 0.00166   2.24E+06
SiII* 1533.4312 0.132000  1.960E9
SiII* 1265.0020 0.100400  2.533E9
SiII* 1264.7377 0.903400  2.512E9
SiII* 1197.3938 0.124300  3.495e9
SiII* 1194.5002 0.623300  3.503E9
SiIII 1206.500  1.669000  2.550e9
SiIV  1393.755  0.5140    8.825e8
SiIV  1402.770  0.2553    8.656e8
PI   1774.9487 0.1543    2.177e8
PII  1301.874  0.017250  2.263E7
PII  1152.818  0.236100  3.950E8
PII   963.801  1.458000  3.490E9
PII   961.041  0.348900  8.400E8
PIII 1334.813  0.025290  5.659E7
PIII  998.000  0.111700  2.220E9
PIII  917.118  0.404900  4.792E9
PIII  913.968  0.203100  4.804E9
PIV   950.657  1.163     2.860e9
PV   1128.008  0.2345    1.229e9
PV   1117.977  0.4732    1.263e9
SI   1807.3113 0.1105    6.700e8
SI   1473.9943 0.07296   1.600e8
SI   1425.0299 0.1918    4.500e8
SI   1295.6531 0.1233    4.900e8
SII  1259.519  0.01624   4.560e7
SII  1253.811  0.01088   4.620e7
SII  1250.584  0.005453  5.260e7
SIII 1190.208  0.02217   6.232e7
SIII 1012.502  0.03550   2.281e8
SIV  1062.662  0.03999   1.410e8
SVI   944.523  0.2181    1.631e9
SVI   933.378  0.4414    1.690e9
ClI   1347.2396 0.1186    5.088e8
ArI   1066.660  0.06652   1.300e8
ArI   1048.2199 0.2441    4.940e8
CaI   4227.918  1.753     2.180e8
CaII  3934.777  0.6346    1.456e8
CaII  3969.591  0.3145    1.414e8
TiII  3384.740  0.3401    1.730e8
TiII  3242.929  0.1832    2.350e8
TiII  3230.131  0.05861   2.350e8
TiII  3073.877  0.1091    2.500e8
TiII  3067.245  0.04655   2.500e8
TiIII 1298.697  0.09057   6.266e8
CrII  2066.161  0.05150   1.636e8
CrII  2062.234  0.0780    1.646e8
CrII  2056.254  0.1050    1.660e8
MnII  2606.462  0.1927    2.648e8
MnII  2594.499  0.2710    2.685e8
MnII  2576.877  0.3508    2.741e8
MnII  1201.118  0.08809   5.702e8
MnII  1199.391  0.1059    4.911e8
MnII  1197.184  0.1566    5.670e8
FeI   3720.993  0.041190  2.000E8
FeI   3021.5189 0.10390   2.000E8
FeI   2967.765  0.043800  2.000E8
FeI   2719.833  0.119000  2.000E8
FeI   2523.608  0.279000  2.000E8
FeI   2501.886  0.049600  2.000E8
FeI   2484.021  0.557000  2.000E8
FeI   2463.392  0.053200  2.000E8
FeI   2167.453  0.150000  2.000E8
FeII* 2328.111  0.03176   2.70E+08
FeII* 2333.516  0.06917   2.62E+08
FeII* 2338.725  0.0925    2.70E+08
FeII* 2345.001  0.1575    2.70E+08
FeII* 2349.022  0.08239   2.62E+08
FeII* 2359.828  0.05727   2.62E+08
FeII* 2365.552  0.0495    2.68E+08
FeII* 2381.489  0.02857   2.68E+08
FeII* 2383.7884 0.005175  3.00E+08
FeII* 2389.3582 0.08249   3.07E+08
FeII* 2396.1497 0.01435   2.99E+08
FeII* 2396.3559 0.2673    3.09E+08
FeII* 2399.9728 0.1180    3.00E+08
FeII* 2405.164  0.02432   3.03E+08
FeII* 2405.6186 0.1958    3.07E+08
FeII* 2407.3942 0.1406    2.99E+08
FeII* 2411.2533 0.1941    3.00E+08
FeII* 2411.802  0.2084    3.03E+08
FeII* 2414.0450 0.1755    2.99E+08
FeII* 2599.1465 0.09929   2.75E+08
FeII* 2607.8664 0.1127    2.61E+08
FeII* 2612.6542 0.1114    2.72E+08
FeII* 2614.6051 0.1019    2.66E+08
FeII* 2618.3991 0.04486   2.75E+08
FeII* 2621.1912 0.00392   2.61E+08
FeII* 2622.4518 0.0560    2.66E+08
FeII* 2626.4511 0.04334   2.70E+08
FeII* 2629.0777 0.1730    2.61E+08
FeII* 2631.8321 0.1197    2.75E+08
FeII* 2632.1081 0.08353   2.72E+08
FeII  2600.1729 0.2130    2.700e8
FeII  2586.650  0.06840   2.720E8
FeII  2382.765  0.3006    3.100E8
FeII  2374.4612 0.03260   2.990E8
FeII  2367.5905 0.0000628 2.379e5
FeII  2344.214  0.109700  2.680e8
FeII  2260.7805 0.00244   4.849e6
FeII  2249.8768 0.00182   4.138e6
FeII  1901.7730 0.0001009 2.327E5
FeII* 1639.4012 0.0579    2.56E+08
FeII* 1636.3313 0.0405    2.56E+08
FeII* 1634.3498 0.0205    2.63E+08
FeII* 1631.1285 0.0186    2.56E+08
FeII* 1629.1596 0.0367    2.63E+08
FeII* 1621.6856 0.0381    2.63E+08
FeII* 1618.4680 0.0214    2.74E+08
FeII  1611.2005 0.00160   7.141e5
FeII  1608.4545 0.0585    1.996e8
FeII  1588.6876 0.0001239 4.092e5
FeII  1260.533  0.025000  1.312E8
FeII  1144.9379 0.10500   4.450E8
FeII  1143.226  0.013310  6.790e7
FeII  1142.3656 0.00247   3.195e7
FeII  1133.665  0.006000  2.000E8
FeII  1127.098  0.003000  2.000E8
FeII  1125.448  0.010990  2.000E8
FeII  1121.975  0.020000  2.000E8
FeII  1106.3596 0.001500  2.000E8
FeII  1096.8769 0.032000  2.000E8
FeII  1083.4204 0.004060  2.000E8
FeII  1081.8748 0.014000  2.000E8
FeII  1063.9718 0.004500  3.313e7
FeII  1063.176  0.060000  3.539E8
FeII  1062.152  0.003800  2.248e7
FeII  1055.2617 0.00800   5.989e7
FeIII 859.723   0.115     9.000e8 
FeIII 1122.526  0.078840  5.366e8
CoII  2059.471  0.012970  1.668e7
CoII  2026.407  0.060500  9.828e7
CoII  2012.161  0.04664   7.684e7
CoII  1941.280  0.07547   1.717e8
CoII  1574.545  0.08012   2.156e8
CoII  1572.648  0.025100  8.705e7
CoII  1552.760  0.01495   4.137e7
CoII  1547.946  0.02453   5.588e7
NiI   2320.744  0.685100  6.942E8
NiI   2311.669  0.376500  4.700E8
NiII  1751.910  0.063800  1.040E8
NiII  1709.600  0.068840  1.571E8
NiII  1741.549  0.103500  2.276E8
NiII  1703.405  0.012240  4.221E7
NiII  1502.148  0.01330   3.932E7
NiII  1467.756  0.022690  5.269E7
NiII  1467.259  0.011110  5.156E7
NiII  1454.842  0.059540  1.877E8
NiII  1393.324  0.022220  7.636E7
NiII  1370.132  0.130900  6.975e8
NiII  1317.217  0.145800  4.205e8
CuII  1358.773  0.380300  9.470e8
ZnII  2062.664  0.256000  3.965e8
ZnII  2026.136  0.489000  4.184e8
GeII  1602.4863 0.1345    9.906e8
NeVIII 780.324  0.0505    1.0e8
NeVIII 770.409  0.103000  1.000e8
