wave flux flux_err continuum
6559.607421875 278.8092346191406 13.57089614868164 303.56068183429306
6560.857421875 329.67474365234375 17.77927017211914 303.37510574859334
6562.107421875 297.2501525878906 24.523401260375977 303.1894677907112
6563.357421875 301.3567810058594 24.32681655883789 303.003780027444
6564.607421875 273.96661376953125 17.39829444885254 302.8180545255309
6565.857421875 290.5579528808594 13.637519836425781 302.6323033522349
6567.107421875 312.99456787109375 15.491848945617676 302.4465385740623
6568.357421875 356.8200988769531 17.84754180908203 302.2607722581015
6569.607421875 326.505126953125 16.566761016845703 302.07501647114987
6570.857421875 303.2949523925781 14.037642478942871 301.88928328000475
6572.107421875 316.43927001953125 13.800359725952148 301.70358475187095
6573.357421875 289.8447265625 13.325604438781738 301.51793295313837
6574.607421875 283.4201965332031 14.34174633026123 301.33233995118644
6575.857421875 229.82565307617188 19.893028259277344 301.14681781240506
6577.107421875 318.6244201660156 23.78813362121582 300.96137860411545
6578.357421875 347.167236328125 19.245237350463867 300.77603439299855
6579.607421875 300.3504943847656 14.111655235290527 300.5907972457935
6580.857421875 287.1603698730469 13.293221473693848 300.4056792295887
6582.107421875 317.4651794433594 13.638437271118164 300.22069241129793
6583.357421875 321.8992004394531 14.743734359741211 300.0358488575439
6584.607421875 311.70867919921875 14.521753311157227 299.8511606353568
6585.857421875 298.2238464355469 13.337331771850586 299.6666398116504
6587.107421875 273.8865661621094 13.10369873046875 299.48229845333844
6588.357421875 289.9940490722656 13.17747688293457 299.2981486271019
6589.607421875 295.0270080566406 13.435359954833984 299.1142024000874
6590.857421875 287.0158996582031 13.418354034423828 298.9304718389176
6592.107421875 319.40106201171875 13.454218864440918 298.7469690106227
6593.357421875 318.171142578125 13.121092796325684 298.5637059821165
6594.607421875 299.1871643066406 14.090576171875 298.38069482002174
6595.857421875 264.0554504394531 15.839468955993652 298.1979475916014
6597.107421875 300.5438537597656 15.569724082946777 298.0154763633618
6598.357421875 281.8981018066406 13.690642356872559 297.83329320244957
6599.607421875 280.1177673339844 13.067401885986328 297.6514101755456
6600.857421875 307.45281982421875 13.367938041687012 297.4698393497383
6602.107421875 311.2401123046875 15.218334197998047 297.2885927918833
6603.357421875 292.8538818359375 18.91973114013672 297.1076825684286
6604.607421875 326.5833740234375 18.354366302490234 296.92712074692827
6605.857421875 314.78106689453125 14.51132869720459 296.74691939377226
6607.107421875 325.714599609375 13.274317741394043 296.56709057604894
6608.357421875 313.00335693359375 13.056303024291992 296.38764636055566
6609.607421875 300.7966003417969 13.187849998474121 296.208598814148
6610.857421875 272.7597351074219 13.033825874328613 296.0299600038561
6612.107421875 266.34442138671875 12.846077919006348 295.85174199641915
6613.357421875 289.45404052734375 12.910451889038086 295.6739568586345
6614.607421875 282.5052185058594 12.951347351074219 295.4966166576487
6615.857421875 285.0970153808594 12.994131088256836 295.31973346008454
6617.107421875 283.0440368652344 12.916651725769043 295.14331933297217
6618.357421875 268.4602966308594 12.93722915649414 294.96738634322537
6619.607421875 298.3006591796875 13.128127098083496 294.7919465574669
6620.857421875 261.38067626953125 12.93877124786377 294.61701204284327
6622.107421875 311.5440979003906 13.14210319519043 294.4425948661519
6623.357421875 302.9949035644531 13.132440567016602 294.2687070942484
6624.607421875 292.40643310546875 13.03965950012207 294.0953607938718
6625.857421875 249.18653869628906 13.45252799987793 293.9225680322852
6627.107421875 249.412353515625 14.531580924987793 293.7503408759367
6628.357421875 292.030029296875 14.093647956848145 293.57869139203103
6629.607421875 315.70916748046875 13.409863471984863 293.4076316473074
6630.857421875 315.19818115234375 13.173672676086426 293.237173708505
6632.107421875 335.96728515625 14.077326774597168 293.06732964277035
6633.357421875 264.5169677734375 15.526594161987305 292.8981115167844
6634.607421875 273.76983642578125 15.386951446533203 292.72953139751917
6635.857421875 291.3239440917969 13.739057540893555 292.5616013518884
6637.107421875 278.8262634277344 13.172469139099121 292.3943334466312
6638.357421875 253.93650817871094 12.998705863952637 292.22773974883603
6639.607421875 315.620361328125 13.18531608581543 292.0618323251256
6640.857421875 294.8782653808594 13.00674057006836 291.89662324258825
6642.107421875 320.3482666015625 13.115598678588867 291.7321245679632
6643.357421875 301.40472412109375 12.805399894714355 291.56834836816415
6644.607421875 312.6998291015625 13.108161926269531 291.40530671027955
6645.857421875 293.4541931152344 12.875011444091797 291.2430116607575
6647.107421875 263.23773193359375 12.914497375488281 291.08147528691916
6648.357421875 301.8912048339844 13.060622215270996 290.9207096553291
6649.607421875 309.0946960449219 13.319649696350098 290.76072683301754
6650.857421875 285.5523681640625 13.13886833190918 290.6015388867236
6652.107421875 307.5576171875 13.143059730529785 290.4431578834774
6653.357421875 309.0572204589844 13.060409545898438 290.285595890251
6654.607421875 285.9886169433594 12.843060493469238 290.12886497360887
6655.857421875 237.8739776611328 12.721181869506836 289.97297720069764
6657.107421875 264.3240661621094 12.794940948486328 289.81794463819824
6658.357421875 273.2861328125 12.969874382019043 289.66377935319906
6659.607421875 293.0675964355469 13.189178466796875 289.51049341249745
6660.857421875 334.7593994140625 13.821480751037598 289.35809888271615
6662.107421875 280.4224853515625 13.404059410095215 289.20660783117637
6663.357421875 308.4656066894531 13.170731544494629 289.05603232450085
6664.607421875 316.85858154296875 13.011280059814453 288.90638442948693
6665.857421875 313.8794860839844 13.610477447509766 288.75767621328123
6667.107421875 316.1728515625 14.344868659973145 288.60991974256467
6668.357421875 303.5487060546875 13.775176048278809 288.463127084251
6669.607421875 277.47210693359375 12.894201278686523 288.31731030519586
6670.857421875 276.5559387207031 12.777847290039062 288.17248147242935
6672.107421875 289.4922790527344 12.885368347167969 288.02865265263245
6673.357421875 278.0978088378906 12.709545135498047 287.8858359126607
6674.607421875 277.3602600097656 12.657678604125977 287.7440433196607
6675.857421875 304.32025146484375 12.681035041809082 287.6032869402552
6677.107421875 364.34356689453125 12.99413776397705 287.4635788414744
6678.357421875 417.7438659667969 13.238981246948242 287.32493109011557
6679.607421875 442.9421691894531 13.3722505569458 287.18735575303435
6680.857421875 345.9671325683594 12.952535629272461 287.0508648973191
6682.107421875 313.3370666503906 12.766080856323242 286.9154705894762
6683.357421875 290.4706726074219 12.76309871673584 286.7811848966521
6684.607421875 270.4986572265625 12.791083335876465 286.6480198856443
6685.857421875 294.3005065917969 12.886064529418945 286.51598762342473
6687.107421875 274.0950622558594 12.609588623046875 286.3851001767325
6688.357421875 261.56475830078125 12.484790802001953 286.25536961248145
6689.607421875 300.47576904296875 12.677473068237305 286.1268079977599
6690.857421875 300.75579833984375 12.606964111328125 285.999427399016
6692.107421875 269.60870361328125 12.353706359863281 285.87323988362914
6693.357421875 266.4734802246094 12.278581619262695 285.74825751804747
6694.607421875 312.9554443359375 12.514281272888184 285.62449236935936
6695.857421875 308.7718811035156 12.624177932739258 285.5019565045368
6697.107421875 238.06436157226562 12.5878267288208 285.3806619900279
6698.357421875 269.09197998046875 13.229442596435547 285.26062089327024
6699.607421875 298.8380432128906 13.298541069030762 285.1418452808284
6700.857421875 274.5057373046875 12.748266220092773 285.0243472196744
6702.107421875 261.03076171875 12.632862091064453 284.9081387766637
6703.357421875 254.27099609375 12.962007522583008 284.7932320185937
6704.607421875 262.5613098144531 13.022180557250977 284.6796390124364
6705.857421875 277.3798522949219 12.675445556640625 284.5673718249309
6707.107421875 315.3763427734375 12.678369522094727 284.456442523282
6708.357421875 297.4203186035156 12.530041694641113 284.3468631739961
6709.607421875 296.6769714355469 12.538899421691895 284.2386458442197
6710.857421875 317.6266174316406 12.675286293029785 284.13180260080844
6712.107421875 277.0307312011719 12.31364917755127 284.0263455102686
6713.357421875 281.3876953125 12.350481986999512 283.9222866400378
6714.607421875 328.6127014160156 12.640823364257812 283.81963805662235
6715.857421875 274.9544677734375 13.443219184875488 283.71841182693606
6717.107421875 248.2836151123047 13.766165733337402 283.6186200178927
6718.357421875 295.1875 13.101913452148438 283.5202746965224
6719.607421875 259.211669921875 12.169267654418945 283.42338792962255
6720.857421875 261.1272277832031 12.096601486206055 283.3279717838159
6722.107421875 332.4129943847656 12.359740257263184 283.2340383264236
6723.357421875 293.5689392089844 12.215210914611816 283.14159962395206
6724.607421875 305.3288879394531 12.215034484863281 283.0506677435478
6725.857421875 287.6939392089844 12.107982635498047 282.96125475189183
6727.107421875 309.2550048828125 12.268510818481445 282.87337271583965
6728.357421875 316.039794921875 12.274399757385254 282.7870337024797
6729.607421875 288.9602966308594 12.579123497009277 282.70224977855105
6730.857421875 268.9551696777344 13.194987297058105 282.61903301096754
6732.107421875 273.74176025390625 12.961962699890137 282.5373954665847
6733.357421875 270.6487121582031 12.232687950134277 282.4573492122581
6734.607421875 285.1294860839844 12.131793022155762 282.37890631501796
6735.857421875 266.82305908203125 11.8837251663208 282.30207884142874
6737.107421875 251.77285766601562 11.87876033782959 282.2268788587535
6738.357421875 273.9249572753906 12.326493263244629 282.1533184336149
6739.607421875 273.46484375 12.673739433288574 282.0814096329268
6740.857421875 266.2487487792969 12.489755630493164 282.01116452371934
6742.107421875 257.1874694824219 12.13703441619873 281.94259517255705
6743.357421875 290.52947998046875 12.789260864257812 281.8757136466447
6744.607421875 280.123046875 12.76895809173584 281.8105320126633
6745.857421875 284.9889221191406 12.484320640563965 281.7470623375848
6747.107421875 268.915771484375 11.982475280761719 281.6853166882647
6748.357421875 282.1984558105469 12.119275093078613 281.62530713161686
6749.607421875 290.68902587890625 12.043197631835938 281.5670457344968
6750.857421875 287.7502136230469 12.079773902893066 281.51054456364363
6752.107421875 313.60040283203125 12.1847505569458 281.4558156861458
6753.357421875 294.4841613769531 12.139473915100098 281.4028711686842
6754.607421875 275.40252685546875 12.014060020446777 281.3517230783473
6755.857421875 280.44818115234375 12.133173942565918 281.30238348199055
6757.107421875 287.3083801269531 12.062057495117188 281.25486444623675
6758.357421875 236.5177764892578 11.676197052001953 281.2091780382907
6759.607421875 264.235107421875 11.819643020629883 281.1653363247751
6760.857421875 298.459228515625 12.18682861328125 281.1233513727202
6762.107421875 281.6358337402344 12.075506210327148 281.0832352489815
6763.357421875 254.73524475097656 11.866969108581543 281.04500002023997
6764.607421875 241.50885009765625 11.564085960388184 281.0086577538168
6765.857421875 268.499755859375 11.822945594787598 280.97422051621834
6767.107421875 286.84527587890625 12.010659217834473 280.94170037435833
6768.357421875 304.32843017578125 12.079028129577637 280.91110939520877
6769.607421875 338.1625671386719 12.400060653686523 280.8824596456252
6770.857421875 255.52947998046875 11.719696998596191 280.8557631926378
6772.107421875 301.6277160644531 11.997807502746582 280.83103210269473
6773.357421875 284.17034912109375 11.929374694824219 280.80827844317537
6774.607421875 289.52252197265625 12.04747200012207 280.78751428064425
6775.857421875 253.4205322265625 11.897205352783203 280.76875168201514
6777.107421875 237.62025451660156 11.756592750549316 280.7520027143182
6778.357421875 273.20623779296875 12.01594352722168 280.73727944417624
6779.607421875 305.2138977050781 12.05950927734375 280.7245939388522
6780.857421875 326.8876953125 12.198600769042969 280.7139582648524
6782.107421875 304.9288635253906 12.21842098236084 280.70538448926527
6783.357421875 244.15089416503906 12.414933204650879 280.6988846787717
6784.607421875 265.67889404296875 12.278250694274902 280.69447090051835
6785.857421875 259.49432373046875 12.108256340026855 280.6921552212443
6787.107421875 291.3900146484375 12.419164657592773 280.69194970768876
6788.357421875 275.7745056152344 12.550773620605469 280.6938664271147
6789.607421875 289.3255310058594 12.285333633422852 280.69791744602844
6790.857421875 263.6595458984375 11.881975173950195 280.70411483140197
6792.107421875 280.81640625 11.99368953704834 280.71247065026546
6793.357421875 261.724853515625 11.987625122070312 280.72299696918344
6794.607421875 297.0584411621094 12.148200988769531 280.7357058554189
6795.857421875 329.2228088378906 12.339643478393555 280.75060937553644
6797.107421875 292.0182189941406 12.241558074951172 280.76771959656617
6798.357421875 264.7654113769531 11.985739707946777 280.78704858542187
