0 -1.434595e+00 2.059650e-02 7.525194e-02
1 1.831346e+00 -1.052144e-01 2.872353e+00
2 1.368294e+00 1.027339e-01 2.605855e+00
3 -2.169429e-01 4.717274e-01 5.470759e-02
4 1.203538e+01 9.145737e-03 9.894180e-02
5 4.556205e+00 9.556103e-02 2.528627e+00
6 4.417054e+00 2.835469e-01 2.317366e+00
7 -7.313717e-01 4.687033e-01 7.700723e-02
8 1.963342e+00 1.602995e-01 8.768439e-03
9 -2.315609e+00 8.015202e-01 1.327602e+00
10 -1.732084e+00 5.198398e-01 1.250064e+00
11 1.775980e-01 2.013598e-01 9.243631e-02
12 4.817875e-01 5.395955e-02 1.111507e-03
13 -8.405796e-01 7.281933e-01 -1.600019e-01
14 -4.706532e-01 2.920098e-01 -3.220913e-02
15 4.108514e-01 5.028895e-02 9.463638e-02
16 -1.034197e+00 2.652202e-01 2.322602e-01
17 -3.100399e+00 2.533603e+00 4.248636e-01
18 -1.054511e+00 9.780220e-01 1.404622e-01
#chi2: 1.571985e+02 9.291840e+01 3.099648e+01
